[{"camera":[0.98932593,0.0123340859,0.145196674,0.0100184707,-0.0126990981,0.999918103,0.00158730457,-0.00241952959,-0.145165205,-0.00341422839,0.989401539,-0.0309900354]},
{"camera":[0.988678646,0.0126346714,0.149515552,0.0102350387,-0.0130516233,0.99991319,0.00180774997,-0.00252646804,-0.149479732,-0.00373870446,0.988757721,-0.0318733536]},
{"camera":[0.988012322,0.0129862472,0.153827853,0.0105665678,-0.0134158247,0.999908464,0.00175482906,-0.00257056039,-0.153790984,-0.00379752024,0.988096105,-0.0327306772]},
{"camera":[0.987275097,0.0134905623,0.158448377,0.0106811425,-0.0139379025,0.999901397,0.00171230541,-0.00255662868,-0.158409654,-0.00389895453,0.987365778,-0.0333158557]},
{"camera":[0.986551689,0.0138058256,0.162865478,0.0109130633,-0.0142884188,0.999896309,0.00179209,-0.00262058531,-0.162823849,-0.00409507957,0.986646656,-0.034367435]},
{"camera":[0.985773254,0.0141987521,0.167479812,0.0110239798,-0.0146531392,0.999891545,0.00147755467,-0.00261274913,-0.167440668,-0.00391063887,0.985874398,-0.0351579066]},
{"camera":[0.985003275,0.0145252436,0.17192314,0.0113293916,-0.0150390089,0.999885486,0.00168617647,-0.00279139075,-0.17187896,-0.00424644297,0.985108923,-0.0362643416]},
{"camera":[0.984131711,0.0149374073,0.17680964,0.0115123638,-0.015483973,0.999878651,0.00171186442,-0.00279166029,-0.176762613,-0.00442241575,0.984243578,-0.0367544667]},
{"camera":[0.983305532,0.0150796758,0.181336245,0.0119500382,-0.0156662182,0.999875652,0.00180260908,-0.00286876257,-0.181286514,-0.00461336867,0.983419502,-0.0378073267]},
{"camera":[0.982367889,0.0154868354,0.186315563,0.0119848409,-0.0160849024,0.999869187,0.00169863488,-0.0029242938,-0.186264884,-0.00466555201,0.982488486,-0.03873363]},
{"camera":[0.981420291,0.0159710747,0.191204437,0.0121227281,-0.0165957627,0.999860893,0.00166609771,-0.00296892092,-0.19115123,-0.00480832556,0.981548821,-0.0398507829]},
{"camera":[0.980396709,0.0163563244,0.196353669,0.0122270585,-0.0170050251,0.999854095,0.00161816547,-0.00300995173,-0.196298552,-0.00492544317,0.980531804,-0.0408254954]},
{"camera":[0.979406807,0.016689675,0.201205766,0.0125868021,-0.0174062162,0.999846894,0.00179242837,-0.00325459995,-0.201145045,-0.00525774761,0.979547358,-0.0424110615]},
{"camera":[0.978193827,0.0175045941,0.206955131,0.0125166139,-0.0182119367,0.999833004,0.00151304875,-0.00307299343,-0.206894085,-0.00524910869,0.978349265,-0.0426413176]},
{"camera":[0.977066327,0.0182462176,0.212151994,0.0127414313,-0.0190250269,0.999817679,0.0016300682,-0.0032846208,-0.212083572,-0.00562888215,0.977235322,-0.0440189291]},
{"camera":[0.975944876,0.0185247001,0.217228989,0.0129621832,-0.0193849453,0.99981042,0.00182963554,-0.00348327724,-0.217153913,-0.0059965955,0.976118957,-0.0453637708]},
{"camera":[0.974661416,0.0190738959,0.222870613,0.0130194668,-0.0200044536,0.999798051,0.00191826606,-0.00363398534,-0.222789016,-0.00632806477,0.974846147,-0.0466614291]},
{"camera":[0.973352143,0.0197778305,0.228461033,0.0130662123,-0.0207788545,0.999782142,0.00197679572,-0.00373004264,-0.228372164,-0.00667127691,0.973551051,-0.0476944641],"cloud":[0.747048765,-0.746205201,1.48790386,0.949362817,-0.796943184,1.63415223,0.614997386,-0.732038769,1.44354559,0.770586142,-0.703171392,1.46621176,0.758612146,-0.738268532,1.54704338,0.755243172,-0.708059498,1.51716856,0.754989656,-0.664296783,1.43925189,0.776139694,-0.649542439,1.52385444,0.0766197509,0.0883060708,0.330420501,0.739432546,-0.594663126,1.50338951,0.747290893,-0.522309489,1.46346745,0.749242918,-0.481344789,1.52737227,0.703773677,-0.427694204,1.41839161,0.683606869,-0.350199799,1.39394165,0.732265912,-0.266493008,1.4242801,0.707823051,-0.192266877,1.4249392,0.688376285,-0.108678957,1.3498001,0.693828987,-0.101727869,1.40211954,0.0470572085,0.0868847003,0.302038049,0.480014487,0.0340723824,0.978745717,0.0682471704,0.0876940752,0.321349831,0.418947805,-0.986972799,1.82752417,0.232843593,0.0124144141,0.637671797,0.665808237,-0.543707291,1.46921614,0.664195625,-0.692089935,1.47199294,0.469180126,-0.666784487,1.44668582,0.605150955,-0.636254497,1.46857754,0.649608752,-0.557871271,1.44724513,0.467533445,-0.641789089,1.7216024,0.501583362,-0.445843322,1.33131919,0.652071914,-0.460186461,1.4441415,0.245573492,0.112566058,0.829151252,0.449245661,-0.36275363,1.65156355,0.470020504,-0.230125095,1.25059037,0.328719361,-0.338225121,2.05415097,0.440109768,-0.0685799621,1.17281368,0.464050464,0.0516994371,1.23781431,-0.0751717682,0.0627996999,0.352425936,-1.20656045,-0.666532285,0.772599399,-1.2835619,-0.822022348,1.00911042,-1.80894238,-0.264738679,1.70497312,-1.24105006,-0.629616962,0.721580168,-1.42190642,-0.982074229,1.25959268,-1.46052879,-0.849123564,1.04183053,-2.09590448,-0.307916208,2.13663504,-1.10419587,-0.552821333,0.67570163,-1.42233111,-0.80014322,1.00183827,-1.38413728,-0.801737151,1.01475995,-1.44728267,-0.155861084,1.3358129,-1.18022718,-0.607047308,0.751253078,-2.18398353,-0.18162029,1.56215229,0.420586071,-0.0875956407,1.52436138,0.42460304,-0.578803165,1.71662952,-1.02987358,-0.467824024,0.586136636,0.422709367,-0.0519904439,1.31494834,-1.5070652,-1.02124898,1.46066803,-5.80446681,0.0106178355,5.68008304,-1.38449994,-0.343040902,0.939828481,-1.97108914,-0.0668838803,1.82362075,-1.14531597,-0.486091465,0.644662575,-1.27683839,-0.593548177,0.829839463,-1.28975857,-0.646912978,0.927552664,-1.94385261,-0.00785375882,2.16991046,-1.18333051,-0.486878834,0.664966539,-1.54282147,-0.720727645,1.01605068,-2.58443401,0.216436796,4.15405746,-1.29308738,-0.631867661,0.929663817,-1.78373795,0.00126826273,1.99219857,0.464374919,-0.64363903,1.45328175,-2.83854406,0.336734595,5.55303081,-1.69050603,-1.28659586,2.21958777,-1.29180801,-0.606733971,0.946789888,-1.45424081,-1.09717186,1.92912199,-1.22445575,-0.305930646,0.877792218,0.4660825,-0.605870802,1.44148034,-1.40599605,-0.607087311,0.933455056,-1.31891943,-1.03043469,1.53928776,-0.133333317,0.0808909628,0.274429851,-1.78890744,-0.301205589,1.30318032,0.0550176191,0.0948571547,0.463923021,-0.148634848,0.0786601234,0.261893589,-0.173216219,0.0771704855,0.258602698,-1.48731727,-0.655021622,1.13782809,-1.17833625,-0.687959547,0.921041931,-1.3245441,-0.45826211,0.748600463,-1.41866234,-0.726604408,1.36111799,0.381621404,-0.898328753,2.29233569,-0.0541756058,0.0742393142,0.377671255,-1.4194424,-0.48653746,0.833401697,-1.44221259,-0.542051518,0.961867516,-1.32421852,-0.717312612,1.43599506,-1.34477733,-0.491881899,0.887338986,-1.18842411,-0.486832204,0.919521154,-0.136671123,0.0713690858,0.390187001,-1.28380247,-0.395835899,0.717723369,-0.373273473,0.0907532163,0.49299407,-0.36939086,0.0737005887,0.531439105,-1.22693434,-0.385108767,0.723765039,-1.46908331,-0.907510262,2.04177039,0.44929301,-0.53705142,1.61283614,0.0254309909,0.0743292006,0.463760838,-1.26840388,-0.387964693,0.747185702,0.452229329,-0.43246855,1.39350886,-0.119501733,0.0823777069,0.290646286,-1.37758901,-0.558388732,1.27000049,0.00645448346,0.0716107973,0.445769163,-1.27767623,-0.418048505,0.916171418,-1.38342497,-0.405833353,0.872548378,-1.3082258,-0.352040419,0.764798114,0.443685301,-0.375847165,1.390403,-0.370939085,0.104568837,0.683500086,-1.5879177,-0.473253335,1.13948688,-1.51068984,-0.581834744,1.56467165,-1.2628475,-0.30705669,0.734617464,-1.36739365,-0.342870838,0.826585019,0.381016143,-0.613191237,2.32450579,-0.612051531,0.0948141407,0.565074307,0.392202883,-0.54186496,2.15200736,-1.40565473,-0.366076271,1.00424321,-1.31103336,-0.301319077,0.81740815,0.432015022,-0.295371731,1.34358687,-1.33973592,-0.447651028,1.39956379,-0.060726311,0.058770054,0.370157217,-1.35550384,-0.297605874,0.833978661,-0.00522160436,0.0799823163,0.430807558,-0.100782654,0.0837652156,0.308247481,-1.61820083,-0.327137295,1.00213376,0.0216687396,0.0693925587,0.468321649,0.385079736,-0.476462933,2.36530511,-1.34260537,-0.28764521,0.953292572,-1.44403206,-0.252602265,0.89132417,-1.31702799,-0.240603824,0.872093281,-0.0561388105,0.0570706461,0.382185458,-1.480837,-0.242237785,0.913169476,-0.382412813,0.0818476981,0.332412011,-0.0318774857,0.088691394,0.376905874,0.440307358,-0.188453056,1.35676879,0.406573383,-0.23821657,1.67564962,-1.23023896,-0.182943389,0.836446686,-1.59022634,-0.221329982,0.990163153,0.37988759,-0.30428324,2.35660175,-0.0938818282,0.0839688881,0.313530664,-0.0744123141,0.0857398719,0.33394733,-1.39276703,-0.157506756,0.875421917,-1.6137515,-0.196316026,1.16916137,-0.134933559,0.079219127,0.274575339,-1.93434547,-0.218915596,1.29146502,-0.0110534645,0.0875454557,0.394685827,-1.52340674,-0.139327183,0.926201459,-1.34686055,-0.130191516,0.906728723,0.416394462,-0.189860214,2.58368365,-1.24303908,-0.105196783,0.798176274,-0.776477717,0.115771896,0.830514967,0.413392396,-0.0719166808,1.30371994,0.00956838936,0.0892621811,0.415417678,-1.56970687,-0.102375711,0.930552556,-1.61754966,-0.0968339088,1.05616501,-1.41479597,-0.0849930837,0.944579164,0.360268152,-0.0841025876,2.26982747,-1.41522782,-0.0752357521,1.02701634,-2.01277382,-0.0946346872,1.653483,-1.40247895,-0.0678375507,1.27417866,-1.85010531,-0.0797550128,1.5106786,-1.69473093,-0.0507429279,1.09100984,-2.73519005,-0.0428037425,1.87204848,-0.0492969544,0.0871988719,0.359558041,0.494177644,0.039517683,2.43936633,-0.177621535,0.085447116,0.356314627,-2.73535924,0.00456143171,2.58127732,-0.152778224,0.0803336056,0.258329531,-0.155013856,0.0892707866,0.403225959,4.59328263,0.950019272,30.6825027,-0.749790848,0.10921397,0.783361315,-1.18745654,0.0992191111,2.59246912,-0.510887858,0.110887535,2.30619479,-0.342308427,0.075210449,0.320039325,-0.834483201,0.0260807221,0.559912805,-0.0866114978,0.102022199,0.483092915,-0.140236976,0.0907060646,0.430782103,-0.788442883,0.0399717215,0.546608049,-0.906048465,0.0485027954,0.660696304,-0.808511568,0.0369735124,0.480658644,-0.778299515,0.0607758411,0.563571483,-0.117856413,0.0457160196,0.395097018,-0.743204303,0.07132897,0.516282545,-0.320587646,0.102208579,0.785394397,-0.0215304944,0.0515129206,0.416630876,0.0355966166,0.0625972881,0.506272314,-0.829717834,0.0759276887,0.52727388,-0.188241248,0.0938292304,0.521841838,-1.33330299,-0.52589347,1.42961152,-1.41104111,-0.434957879,0.952377037],"connections":[[3,6],[4],[26,0,6],[5,7],[0,3,7],[4,0,7],[3,5],[9,6],[18,154,147],[10,6],[9,27],[10,9,23,30],[13,10,11],[14,30],[13,12],[14,16,13],[15,14],[16,15,14],[8,135,147],[35],[8,18,147,154],[],[],[10,9],[2,0,6],[74,26,2],[24,2,23],[23,26,10],[99],[109,120,30],[12,23,27,10],[22],[99],[120,153],[],[36,33],[35],[142,87],[41,83],[46,83],[],[38,60,45],[],[47,39],[],[63,53],[43,64],[46,39],[],[38,41,45,60],[],[136,54,153],[28],[45,63],[36,35],[42],[],[118,191],[],[45,53,97],[61,38],[71,83],[],[59,97,94],[82,43,47],[],[61,60],[],[25,26,2],[],[],[66,75,60],[],[119,131,106],[68,26],[71,66,61],[55],[80,169],[],[127,105],[145,81],[80,145,77],[104,46],[66,71],[101,108,97],[104],[],[122,135],[107,191,84],[75,191,91,88],[85],[88,106],[91,71,60],[183,167],[97,84],[134,189],[95,189],[94,108],[72],[52,32,74],[105,79],[94,97,113],[29,74],[77,125],[121,82],[100,154],[92,107],[191,57,91],[101,94,119],[102,29,136],[96,95],[82],[],[108,97,94],[119,107,108],[117],[184,182,179,181],[128],[191,107],[114,131],[109,33,102],[104],[87,37],[114,119,108],[105,186],[103,77],[133,111],[100,105,79],[115,117],[57,118,123],[143,123,57],[123,129],[122,87,37,165],[130,143],[95,96,167],[87,132],[120,33,54],[32,51],[131,73,119],[126,155,133],[128],[125,103,37],[141,165,125],[157,131],[139,126],[77,103],[78],[135,124],[133,139],[143,131,138],[],[138,149,131,143],[],[54,136,35,36],[124,147,186],[148,139,157],[155,139,144],[149,148],[],[157,149,148,143],[58,50],[48],[160],[156,144,155],[],[87,135,122],[],[93,183,178],[],[80,81,145],[93,167],[],[152,180],[],[],[134,167,95,81],[188,181],[124,105,186],[170,93,177],[176,184],[176,188,182,179],[179,176],[179,188,176],[170,178,37],[182,181,188],[110],[147,105],[127,100,79,105],[179,181],[178,177,170,93],[121,104,90],[107,91]]},
{"camera":[0.972114213,0.019882654,0.233663512,0.0136954985,-0.0209549471,0.999778201,0.00210712346,-0.00389512363,-0.23356979,-0.0069447712,0.972315239,-0.0486761252]},
{"camera":[0.970693967,0.0204268108,0.239449302,0.0139217185,-0.0215366345,0.999766021,0.00201900667,-0.00394587905,-0.239352034,-0.00711676967,0.97090677,-0.0497662578]},
{"camera":[0.969197633,0.0211572329,0.245373836,0.0138212445,-0.0222914835,0.99974981,0.0018458099,-0.00402592218,-0.245273394,-0.00725870139,0.969426776,-0.0509926103]},
{"camera":[0.967717343,0.0216434478,0.251106959,0.0142718729,-0.0228472201,0.999737202,0.00187924377,-0.00417615021,-0.251000295,-0.00755567276,0.967957522,-0.052144362]},
{"camera":[0.966051957,0.0222664032,0.257386527,0.014300243,-0.0235545169,0.999720706,0.00192202278,-0.0042037022,-0.257271844,-0.00791938917,0.966306619,-0.0532741074]},
{"camera":[0.964346586,0.0231327881,0.263629545,0.0142945277,-0.0244891212,0.999698367,0.00185938906,-0.00431365252,-0.263507013,-0.00824915135,0.964622209,-0.0545397619]},
{"camera":[0.962593145,0.0235526493,0.26992538,0.014633836,-0.0249843471,0.999686095,0.00186905434,-0.00450844604,-0.269796628,-0.00854304827,0.96287943,-0.0559012519]},
{"camera":[0.960747682,0.024252372,0.276361564,0.0148162961,-0.0257754952,0.99966599,0.00187969627,-0.00464897233,-0.276223669,-0.00892927001,0.961051899,-0.0571900504]},
{"camera":[0.958877682,0.0248974949,0.282725494,0.014921318,-0.0265233969,0.999646341,0.00192414098,-0.0047873439,-0.282577599,-0.00934385634,0.959198933,-0.0586351372]},
{"camera":[0.956781869,0.0255270273,0.289684012,0.0149246283,-0.0271839336,0.999629008,0.00169680691,-0.00487197251,-0.289533227,-0.00949822503,0.957120836,-0.0600190981]},
{"camera":[0.954674823,0.0261277351,0.29650181,0.0150100774,-0.0278800193,0.999609861,0.0016823195,-0.00497621512,-0.296342178,-0.00987254426,0.955030809,-0.0613177652]},
{"camera":[0.952459789,0.0265444925,0.30350575,0.015164986,-0.0284223934,0.999594434,0.00177083928,-0.00515194314,-0.303335653,-0.010313013,0.952827961,-0.0626960323]},
{"camera":[0.950099463,0.027241611,0.310755377,0.0152492063,-0.0291256472,0.999574745,0.001423098,-0.00532223788,-0.31058446,-0.0104030361,0.950488859,-0.0645112895]},
{"camera":[0.947648208,0.0278013589,0.31810369,0.0154306374,-0.0297560314,0.999556363,0.00128645062,-0.00548401319,-0.317926802,-0.010684606,0.948055055,-0.0660467142],"cloud":[0.458429367,-0.695494547,1.42584683,0.520736769,-0.639822526,1.38248084,0.649578051,-0.641734367,1.44265111,0.477469099,-0.684802433,1.46546153,0.628057825,-0.620086326,1.45282789,0.602993098,-0.549232161,1.41417804,0.50218146,-0.492191268,1.33562842,0.581816627,-0.508998128,1.40364875,0.494973045,-0.415914657,1.31186949,0.394567161,-0.288422925,0.961418089,0.478483826,-0.368055713,1.27544018,0.477772002,-0.343110179,1.27558934,0.475486133,-0.247736131,1.26590627,0.551933317,-0.128235671,1.34156596,0.530436041,-0.11277954,1.2952303,0.622683195,0.00358888973,1.61004132,0.217382166,0.0705656708,0.604126904,0.0701948829,0.0825593083,0.398072462,0.214906836,0.101801606,0.766021929,0.503374722,-0.0107385243,1.45541477,0.44614928,-0.687370034,1.63812844,0.468450174,-0.584635109,1.44849304,0.45787827,-0.537220024,1.48934116,0.441395767,-0.496527135,1.47873461,-0.148884379,0.078338325,0.26087646,0.435762986,-0.481083428,1.60192517,0.455137113,-0.409252027,1.410196,0.413383105,-0.344704883,1.47969213,0.439154951,-0.241998214,1.36462842,0.400973424,-0.060908887,1.90600083,-0.107452364,0.0820514365,0.299429323,0.464554162,0.0219021926,1.82841815,-0.0702536934,0.0243942153,0.454946329,0.480626809,0.0845122172,1.46185923,0.437117285,0.153778898,1.72069316,0.19648044,0.10871232,0.781242675,0.0619724726,0.0972937489,0.483590422,0.0413578332,0.0958954981,0.456650812,-0.11853178,0.0821026984,0.291068265,-0.130334796,0.0791002593,0.27848243,-1.14952639,-0.57945528,0.56698833,-1.30867178,-0.744600564,0.778494443,-1.26221485,-0.725890267,0.778693182,0.3854572,-0.25546934,1.63808198,0.38815958,-0.228039002,1.65168114,-1.33031245,-0.816767961,0.94633725,-1.10645362,-0.527387699,0.546782531,-1.30995244,-0.722302636,0.800726018,-1.2708652,-0.758682836,0.885284166,-1.55679364,-0.27279006,1.13870784,-1.52674692,-0.238466413,0.950309535,-1.21342401,-0.283979078,0.825962076,-1.29279053,-0.620926312,0.670826003,-1.39385092,-1.10887254,1.49494872,0.355484877,-0.425503522,2.19730948,-1.21480663,-0.540116995,0.592209487,-1.18891125,-0.579202953,0.713692891,-1.32312235,-0.594130853,0.703530736,-1.1503035,-0.584067332,0.752209671,-1.40419286,-1.08889024,1.68395016,-1.45098906,-0.238165728,1.49966943,-1.39438206,-0.67296448,0.878874234,-1.5293588,-0.177045757,1.83290052,-1.32741406,-0.548953761,0.677529569,-1.1981855,-0.466724704,0.57263023,0.412825904,-0.399576269,1.67252317,-1.33279412,-0.65391913,0.937795337,0.389698923,-0.130314311,1.61761654,-1.39860014,-0.158535321,0.891058757,-1.5487529,-0.189437626,1.12271392,-1.48904546,-0.762327226,1.15274958,-1.3880271,-0.532935105,0.70617311,-1.28762359,-0.498277543,0.693653826,-1.25950417,-0.543052214,0.80723324,0.44048774,-0.771771864,1.81697534,0.386376149,-0.394922818,2.37769565,-1.33708417,-0.522890076,0.738561579,-1.22979521,-0.428105684,0.586053552,-1.34735151,-0.490933031,0.686213584,-1.37767205,-0.794639689,1.02275752,-1.16946663,-0.419559006,0.637081026,0.365481903,-0.134150317,2.24793901,0.35734276,-0.537767889,2.13422268,0.379969481,-0.0710280633,1.58832952,-1.38444424,-0.723281208,1.36036874,-1.2423212,-0.740548963,0.872422937,-1.44664993,-1.03395837,2.17639388,-1.11143891,-0.0702795434,1.570038,-1.29063151,-0.391407884,0.608440873,-1.28441808,-0.490830737,0.882516198,0.0230244571,0.072430992,0.465156123,-0.0774627437,0.0663026265,0.36270999,-1.38264967,-0.468418725,0.850078831,-1.52904879,-0.0680522933,1.28314592,0.423569202,-0.507950404,1.69994434,-1.32446797,-0.426639604,0.77670198,-1.69578369,-0.508730219,0.918330836,0.338465039,-0.593405878,2.07152391,2.66169401,0.588442558,18.3200899,-1.27142294,-0.323737469,0.591535853,-1.5554126,-0.479370618,0.978670904,-0.176018876,0.0855241229,0.373276161,-1.32813386,-0.401720213,0.909427316,-1.33898758,-0.563551906,1.47406525,-0.0177037184,0.087409916,0.390222805,-1.54399214,-0.403485777,0.867622186,-1.29767043,-0.346881353,0.815275918,-1.24542026,-0.271233973,0.575972158,-1.32204265,-0.453845803,0.73463344,-1.49125361,-0.332249746,0.732861415,-1.31456279,-0.286152569,0.672144564,-1.28735651,-0.288056169,0.72363788,-1.38365673,-0.279523709,0.673468205,-0.0669670299,0.0830858008,0.338875617,-1.34680337,-0.255607975,0.615216586,-1.40093568,-0.31521251,0.991313111,-1.23260972,-0.234306365,0.684458208,0.407400992,-0.335417829,2.00755635,-1.27541727,-0.270940846,0.872332872,-1.41120839,-0.239673749,0.681037869,-1.60268145,-0.304657388,0.989805077,-1.38199795,-0.234947221,0.732432121,-1.46441375,-0.214386821,0.704807802,-1.31397575,-0.214961995,0.870911967,-1.52932199,-0.374594958,1.91450142,-1.96526107,0.0118215238,1.47824895,-0.0582238799,0.083852687,0.347358765,-1.33011098,-0.475865116,0.72928957,0.373871368,-0.23509812,2.2770755,-0.0460871644,0.0847756437,0.361254682,-1.40688677,-0.168199255,0.738951924,-1.39069218,-0.151561562,0.666214757,-0.283196825,-0.0605133426,0.538183867,-1.41294011,-0.143043041,0.676110974,-1.26485997,-0.123985617,0.646017846,-0.0726919892,0.083055866,0.333878051,-0.971541522,-0.113950694,0.813394656,0.361622286,-0.103263963,1.98947724,-1.44876225,-0.107487809,0.729149109,-1.39481057,-0.0985465138,0.756916006,-1.38358308,-0.0923182063,0.80401832,-1.3918145,-1.07379101,1.70183686,-1.35018567,-0.08441431,0.847990407,0.370548553,-0.0481237075,1.99877037,-1.51906908,-0.080831879,1.10790817,-0.847835092,0.102919253,2.48301741,-1.29158707,-0.0616394861,0.866194148,-1.65463693,-0.083220845,1.22257865,-1.45254924,-0.0732885084,1.11890581,-1.41993562,-0.0653877194,1.36351414,-0.755991256,0.0256833414,0.511831226,-1.52128545,-0.0481468138,0.873621266,-1.52507813,-0.0394401601,0.806634764,-0.0646918646,0.071198937,0.335312557,-0.0251394866,0.0769302551,0.407934077,0.016010983,0.0656244074,0.454512784,-2.44859635,-0.00719391354,1.69894016,-0.765736788,0.0553463121,0.663245076,-0.0838201564,0.0848804399,0.324032624,-1.4798764,0.0153475916,0.993438333,-0.965010651,0.0141890686,0.530129264,-1.6906484,0.0483441064,1.30489914,-0.812078772,0.0650460149,0.413118636,-0.829331756,0.0287129271,0.432234007,-0.812847391,0.0397137419,0.575166658,-0.0598599375,0.0859168777,0.347131786,-0.800704917,0.037161034,0.429081966,-0.840202147,0.053856865,0.614843725,-0.119911245,0.0459215424,0.408709874,-0.853785173,0.0713932092,0.772491453,-0.0509248667,0.0389989037,0.394630395,-0.82022749,0.0476663014,0.406961152,-0.915054879,0.0681502801,0.587162134,-1.47759959,-0.0900568185,0.9725196,-1.33493018,-0.410141454,0.782236141,-1.28470591,-0.421512522,0.92106331,-1.53110887,-0.231601627,1.4480478,-0.411423656,0.139114219,1.05311692,-1.27431581,-0.59466443,0.716655314,-0.761887119,0.110172163,0.795860029,-1.30623701,-0.581301029,0.699591814,-1.26033704,-0.606638177,0.814628856,-1.37208961,-0.571218259,0.762627148,-0.880734894,0.0401895615,0.519401892,-1.43887664,-0.532129955,0.956259381,-1.33110264,0.0119391875,1.48788669],"connections":[[1,21,22],[21,5],[5,1,7],[0,1,22],[2,1],[4,1],[7,5],[5,4,21],[6,26],[],[8,6],[10,8,28],[11,10],[12,28],[13,12,28],[19],[35,36],[155,90],[16],[13,14],[3,74,25],[23,3],[21,26],[22,26],[38,30,158],[65,23,22],[8,6],[26,23,43],[12,27,10],[137],[39,158,135],[29,143],[170,154,155],[19,15],[31],[18],[90,17],[36,17],[30,24,158],[38,24,158],[55,64,56],[42,48],[47,48],[67,27],[43,83],[48,85,66],[40,55,80],[41,48],[47,42],[120,50,144],[115,173,68],[106,111],[57,63],[141],[75,97],[40,77],[178,180,52],[178,63],[56,181,73,178],[53],[149],[47,41,48],[],[57,72],[55,46],[94,43,44],[61,48,85,181],[44],[123,140],[49,148],[],[78,63],[78,108],[89,178,76],[],[128],[71,78],[64,80,99],[72,63],[45,66,70,48],[64,88,55],[],[54],[67,43,19],[],[48,42,47,41],[],[],[77,64,110],[73,92],[37,154],[126,165,153,113],[174,95,89],[147,144,148],[25,20,22],[108,127],[105],[82],[],[88,110],[105,96],[38,30,91],[89,92,106],[84],[129,126],[109,92],[95,51],[99,114,110],[95,78],[122,119,112,121],[112,116],[110,121,112],[110,121],[165,153],[110,112,119,99],[102,175,118],[111,107],[54],[51,106,102],[112,122],[50,105,100],[119,112],[130,121],[118,51,142],[62],[],[113,153],[108,76,78,72],[81,54],[126,165,113,153],[121,138],[130,119],[],[131,130,122],[116,131,133,114],[113,158],[169],[29],[133,131],[138,130,133],[139,138,130],[59],[140,68,139],[137,29],[69,159],[],[142,140,68,139],[161,144,69],[144,173,159],[93,176],[166,163],[173,140],[151,138,140,139],[135,165],[104,129],[90,37,36,154],[],[164,179],[113,153,165],[151,148],[172,167,164],[93],[166,150],[171,162],[150,157],[126,135],[163,162],[164,157,183],[91,170,32,101],[157,167,172],[154,91,129,104],[162,166,150],[167,164],[159,68,144],[95,108,106,127],[102,89,92,106],[60],[],[57,52,63],[169,167],[57,178,63,52],[73,178,42,180],[76,71,57,180],[172,164,160,163],[100,92,66,61],[149]]},
{"camera":[0.945305586,0.0282890702,0.32495704,0.0163681981,-0.0303428225,0.999538765,0.00125314203,-0.00545316084,-0.324771708,-0.011044716,0.945727948,-0.0663807024]},
{"camera":[0.942671837,0.0289621072,0.332462034,0.0164727315,-0.0310727816,0.999516591,0.00103268759,-0.00562680799,-0.33227141,-0.0113040057,0.943116074,-0.068021702]},
{"camera":[0.939857732,0.0295298005,0.340287281,0.0164686493,-0.0317037788,0.999496965,0.000828992615,-0.00565760841,-0.340091625,-0.0115675278,0.940321157,-0.0694219724]},
{"camera":[0.93693115,0.0300750132,0.348217625,0.0165389862,-0.0323756849,0.999475459,0.000788443982,-0.00580333523,-0.348011258,-0.0120125018,0.93741339,-0.0711449798]},
{"camera":[0.933907167,0.0306323875,0.356200871,0.0167176432,-0.0330702367,0.999452745,0.000754931492,-0.00603602646,-0.355982813,-0.012484683,0.934409102,-0.0727124445]},
{"camera":[0.930738279,0.0313581673,0.364339019,0.0168066447,-0.0338696164,0.999426133,0.000503861974,-0.00612081072,-0.364114137,-0.0128089865,0.931266248,-0.0742539335]},
{"camera":[0.927300205,0.032193575,0.3729315,0.0166202172,-0.0346716428,0.999398756,-6.22025928e-05,-0.0061685866,-0.37270928,-0.0128724673,0.927858875,-0.0760949707]},
{"camera":[0.923973974,0.0324196911,0.381078809,0.016828776,-0.0350738943,0.999384721,2.00000888e-05,-0.00632949418,-0.380843691,-0.0133843974,0.924542558,-0.0777916227]},
{"camera":[0.920481877,0.033159069,0.389375897,0.0168947841,-0.0360501582,0.999349975,0.000118144245,-0.00659434875,-0.389118876,-0.0141458123,0.921078931,-0.079562327]},
{"camera":[0.916718802,0.0341758333,0.39806865,0.0166875271,-0.0370237662,0.999314243,-0.000532607544,-0.00670901498,-0.397813874,-0.0142497493,0.917355474,-0.0816864487],"cloud":[-0.124815923,0.0793043794,0.282999637,0.465594812,-0.643559413,1.43525539,0.453306875,-1.09104462,2.27661797,0.436356745,-0.629744651,1.46504576,0.452293025,-0.608207728,1.50049722,0.437604811,-0.664607447,1.61880426,0.464354788,-0.541498813,1.42955486,0.453153712,-0.533096061,1.49651193,0.459478635,-0.496790999,1.42079247,0.428318316,-0.410676491,1.51357837,0.437665253,-0.356177033,1.36286057,0.402747047,-0.290093033,1.43231465,0.40687736,-0.238948295,1.46694553,0.404276907,-0.170541713,1.43609121,0.432003568,-0.102249627,1.33819841,-0.147729175,0.0835164785,0.37914457,0.0647478485,0.0988390273,0.485688843,-0.144994344,0.0345877292,0.248395682,0.40960077,-0.310820155,1.67102815,0.456253079,-0.813644619,1.8674335,0.430932699,-0.616827058,1.7998718,0.441638419,-0.829275623,2.00950904,-0.109590856,0.0796954204,0.297034595,-0.0962055253,0.0836053859,0.311203749,0.0182441965,0.0864231868,0.445432476,0.0254034964,0.0784389634,0.464963755,0.368569292,-0.207025189,1.86101264,-0.0958756614,0.0806337922,0.310037503,0.38388936,-0.157936161,1.81629396,0.427419044,0.0584546049,2.02955518,-0.0702504098,0.0853725904,0.336923098,-0.0636053471,0.0855613529,0.342726028,-0.00350603047,0.0911988952,0.405510264,0.012400422,0.0935800793,0.423093688,0.0344499842,0.0574990916,0.489971664,0.397193466,-0.55052478,2.18939778,-1.67873121,-1.23663465,2.48491216,0.341787216,-0.475734169,2.04757652,0.399304908,-0.999174443,2.34658916,0.382603326,-0.953694443,2.16681814,-0.0388859446,0.0445960514,0.388146361,-0.170338753,0.0863676409,0.380257941,0.366334091,-0.400685249,2.02417206,-0.066525617,0.0571964657,0.36511965,0.355240829,-0.283012376,2.20595668,-0.0573383632,0.0393616824,0.386589512,-0.117060792,0.0450822418,0.40193114,-0.122883828,0.0475105318,0.401504174,-0.0545175374,0.0455393178,0.393841278,-18.8843414,0.0929953833,27.5085016,-0.0896535829,0.0730866621,0.34554056,-0.107134349,0.0554664736,0.358702951,-0.371882533,0.0713588006,0.176215775,-1.35569307,-0.0789404979,0.904370872,-2.14963091,-0.708691303,0.799024907,-2.07497605,-0.670473772,0.766788017,-2.73426599,-0.8703401,1.18452841,-1.18180717,-0.309161191,0.662492742,-1.38467867,-0.160812267,0.860498264,-0.837478529,0.0588604896,0.851014055,-0.853436255,0.0493467574,0.421929213,-1.24311047,0.00532546725,0.661835231,-1.46152867,-0.511922258,0.6654526,-2.91486427,-1.06587843,1.08462779,-1.23141294,-0.415874151,0.519355093,-0.197822685,0.101027184,0.530177245,-0.50913433,0.0486812319,0.45816175,-1.30796882,-0.177008351,0.815513011,-1.33224112,-0.171803494,0.877510301,-1.66298779,-0.428365099,0.714545643,-1.30289325,-0.632163668,0.673281485,-1.2601318,-0.343657547,0.587054029,-2.09686617,-0.0146876825,1.81680448,-0.372168094,0.0807539947,0.356154788,-1.1812561,-0.212656336,1.45319717,-1.05480851,-0.00769172964,0.808344523,-0.61204225,0.0966193772,0.690970557,-1.35980495,0.0501404636,0.516286053,-1.25820509,-0.754637022,0.739850646,-3.7260082,-1.37480961,1.25558959,-1.43925375,-0.430473745,0.580354768,-0.626099258,0.0922886747,0.700204461,-1.25172359,-0.749952892,0.741961489,-1.90451533,-0.105288839,1.14786662,-1.28694631,-0.906392495,1.04108154,-1.2910196,-0.820787899,0.89679852,-1.28334897,-0.733086314,0.753020519,-0.801427836,0.0436416634,0.354508343,-1.25363569,-0.613940453,0.903016848,-1.33655242,0.00409258608,0.595203697,-1.2599065,-0.283382232,0.581528471,-1.38074062,-0.0141811146,1.50811069,-0.415480984,0.113187894,0.721721683,-1.29772123,-0.898160636,1.10470908,-1.28605283,-0.187955367,1.2145157,-1.3202203,0.00473235337,0.53017858,-1.26963147,-0.464963494,0.825633858,-1.25732206,-0.434765646,0.704486745,-1.26655184,-0.124872856,0.665983437,-0.727284929,0.0521533229,0.436680981,-1.3167388,-0.0792689254,1.00358677,-1.27329925,-0.757925078,0.890795654,-1.30685914,-0.335763964,0.745229063,-1.26535916,-0.513160897,0.605740307,-0.693846375,0.0970175122,0.782236765,-1.30360877,-0.0857604279,0.773300224,-1.3206772,0.0113979562,0.530242324,-1.23379683,-0.605639052,0.717691758,-1.26065905,-0.57698489,0.652170954,-1.26111795,-0.253503516,0.622085118,-1.29640273,-0.283681774,0.7985356,-1.37511963,-0.0346024293,1.40434551,-1.32344334,-0.0693338918,0.9749678,-1.26020303,-0.588871356,0.829560168,-1.26870649,-0.505230802,0.644737136,-1.27470315,-0.315034833,0.744735095,-1.28448291,-0.594478991,0.87229612,-0.707721159,0.034434987,0.517679483,-1.26907002,-0.406451913,0.553577053,-1.27043603,-0.45732513,0.695584197,-0.700136834,0.0786607108,0.473758475,-1.28341227,0.0812159988,1.25893145,-0.762646746,0.106027277,0.767466723,-0.721468967,0.0507094862,0.424246017,-1.28185645,-0.775759177,1.86568902,-1.27317871,-0.442420285,0.833872868,-1.32081265,0.0419775164,0.499278889,-1.30560201,-0.401451285,0.734543711,-1.29005697,-0.859683227,1.3266471,-0.433154189,0.135192627,0.931344793,-1.39419116,-0.0307810696,1.22795582,-0.678470805,0.0465749129,0.49345896,-1.25320808,-0.452787079,0.67119782,-1.29338646,-0.176307467,0.910427867,-1.27186902,-0.396572194,0.750842156,-1.27241538,-0.620351913,0.762152009,-1.21062283,-0.224946164,0.475934671,-0.605644966,0.0926375612,0.552738047,-1.2960875,-0.386118001,1.37795241,-0.694924257,0.0344185733,0.486059552,-1.27218993,-0.954331018,1.70454958,-0.77269561,0.0394294146,0.394530023,-1.26069174,-0.218741726,0.675232654,-1.26309181,-0.196341414,0.572728138,-1.25136841,-0.144505993,1.76652685,-1.26476494,-0.203673699,0.67180802,-1.29610028,-0.273298577,0.91492301,-1.26128285,-0.188772775,0.674908382,-1.26090937,-0.172083032,0.571402387,-1.27227329,-0.338540033,0.743934701,-1.30816098,-0.180841868,0.666888422,-1.31005201,-0.858022615,1.43974556,-1.30551056,-1.02089273,1.49969349,-1.52730847,-0.0745198463,1.03928185,-0.763923167,0.0597562662,0.390157603,-1.36823002,-0.682014398,1.75777102,-1.16488713,0.170497698,1.94332211,-1.29486112,-1.02715245,1.40336963,-1.26848211,-0.160435781,0.962323344,-1.25594544,-0.119460532,0.51240618,-1.25706016,-0.12194169,0.68699998,-1.28751017,-0.138551329,0.898050888,-1.29244796,-0.104360145,0.541438221,-1.28992615,-0.102405571,0.569327238,-1.2891159,-0.0978651567,0.617745027,-1.27971353,-0.0946020748,0.63707177,-1.29008669,-0.0878187038,0.73650161,-1.33033248,-0.0846771233,0.996852504,-1.71310032,0.104359385,2.1286001,-0.73893501,0.0748429911,0.411854121,-1.28077048,-0.72469129,0.902125908,-1.45980436,0.178996566,2.04159656,-0.71027594,0.065255558,0.456065033,-1.33692017,-0.886388709,1.59107841],"connections":[[27,23],[4,6,7],[39],[1,6],[3,1],[4,3,7,1],[7,4],[4,3],[6,7,4],[7,8,6],[8,9],[10,9],[11,10,9],[12,11,10],[13,12,11],[47,51],[34,24,33],[0,22,27,23],[9,12],[20],[5],[19],[23,0,50],[22,50],[33,34],[24,33,16],[18],[23,22,50],[26,18],[],[50,23,27],[30,43,23],[24,25],[32,25,40],[25,24,33],[],[],[35],[2],[38,21],[45,43,32],[15,46,51],[37],[48,31],[42],[40,43,51],[51,15,45],[46,15,41],[45,40,46],[],[51,31,43],[43,47],[],[161,58],[],[54],[],[109,71,90,142],[67,133],[104],[141,154,169],[165,89,164,166],[114,70,119],[],[71,103,90],[41,47,15,46],[137,131,139],[58,161],[58,67],[62],[107,86],[118,109],[],[66,52,41],[],[],[104,137],[106,89],[86,135,70],[],[62,118,103,114],[76,137],[78,135,70],[],[85,101],[170,86],[82,70],[154,60,169],[113,135],[106,126],[71,148],[],[76,81],[84,85],[],[126,77,89],[134,127,113],[132,127],[165,147],[172,120],[112,53],[85,86,88],[115,134],[108,119],[81,59],[67,160,98],[95,77],[108,113],[70,103],[90,145],[102,149,67],[91,121],[100,53,158],[135,107],[103,119,108],[102,110,134],[88,113,135],[131,120,172],[64,103,90],[97,114,127],[131,99],[111],[104,59,81,76],[99,172],[],[96,134,127,97],[77,106,89],[97,102],[157],[92],[121,111,94],[117,172],[119,114,103],[68,67],[127,97],[107,70,86],[143,148,159,90],[131,117,120,139],[74],[131,117,120],[152],[87,123],[147,109],[109,90,163],[],[142,109],[133,68,110,158],[145,150],[143,163,162],[115,102,134,127],[145,142,98],[128,152],[173,140],[167,100,112,53],[141,87,123],[124],[],[152,151],[133,100],[163,148,143],[98,147],[133,68,158],[159,148],[162,159],[163,98,162],[164,160,163],[105,160,98,165],[100,112,53,158],[],[123,99,154,141],[101,88,116],[],[120,123,139],[140,151]]},
{"camera":[0.91324039,0.0348177034,0.405930681,0.0176942165,-0.0377380778,0.999287336,-0.000810368055,-0.00658396761,-0.405669604,-0.0145789828,0.91390351,-0.0823101893]},
{"camera":[0.909456272,0.0355178456,0.414279824,0.017827607,-0.0385834663,0.999254911,-0.000968925265,-0.0067607363,-0.414005563,-0.0151031565,0.910149047,-0.0841932252]},
{"camera":[0.905452191,0.0362349624,0.422898754,0.0176495826,-0.0394964104,0.999219159,-0.00105121468,-0.00702554105,-0.422606629,-0.0157511581,0.906176329,-0.0861340537]},
{"camera":[0.901370732,0.0369494183,0.431469054,0.0175876764,-0.0401551669,0.999192044,-0.00168001063,-0.00702018177,-0.431182521,-0.0158113995,0.902126174,-0.087977559]},
{"camera":[0.897135031,0.0375521514,0.44015744,0.0174533981,-0.0408042794,0.999165002,-0.00207618208,-0.00709780509,-0.439867874,-0.0160976914,0.897918213,-0.0898790835]},
{"camera":[0.89281422,0.0381600472,0.448805725,0.0174909849,-0.0415556846,0.999133577,-0.00228490457,-0.00740458306,-0.448504062,-0.0166104339,0.893626432,-0.0919307023]},
{"camera":[0.888309577,0.038736994,0.457608502,0.0171285882,-0.0422623435,0.999103331,-0.00253538827,-0.00751769444,-0.457296392,-0.017087398,0.889150173,-0.093976184]},
{"camera":[0.883783279,0.03948079,0.466227823,0.0171224867,-0.0429303342,0.999072867,-0.0032239057,-0.00761077461,-0.46592285,-0.0171660823,0.884658818,-0.0961018319]},
